Noise            PDR   Delay (s)    Throughput      Hops
--------------------------------------------------------
0.0           0.9929       0.546        0.1106      2.09
0.1           0.9953       0.608        0.1109      2.00
0.15          0.9929       0.615        0.1106      1.88
0.2           0.9835       0.747        0.1096      1.98

=====
Noise            PDR   Delay (s)    Throughput      Hops
--------------------------------------------------------
0.0           0.9800       0.974        0.2184      3.02
0.1           0.9859       1.128        0.2197      3.02
0.15          0.9835       1.188        0.2192      3.00
0.2           0.9741       1.235        0.2171      2.99